0.000000	1.000000	
0.140110	2.000000	
0.181010	3.000000	
0.181870	4.000000	
0.221920	5.000000	
0.222770	6.000000	
0.223620	7.000000	
0.224470	8.000000	
0.262820	9.000000	
0.263670	10.000000	
0.264520	11.000000	
0.264520	10.000000	
0.265380	11.000000	
0.265380	10.000000	
0.266230	11.000000	
0.266230	10.000000	
0.267080	11.000000	
0.267080	10.000000	
0.267930	11.000000	
0.267930	10.000000	
0.268790	11.000000	
0.268790	10.000000	
0.304480	11.000000	
0.304480	10.000000	
0.304570	11.000000	
0.304570	10.000000	
0.305430	11.000000	
0.305430	10.000000	
0.306280	11.000000	
0.306280	10.000000	
0.307130	11.000000	
0.307130	10.000000	
0.307980	11.000000	
0.307980	10.000000	
0.308840	11.000000	
0.308840	10.000000	
0.309690	11.000000	
0.309690	10.000000	
0.310540	11.000000	
0.310540	10.000000	
0.311400	11.000000	
0.311400	10.000000	
0.348980	11.000000	
0.348980	10.000000	
0.349040	11.000000	
0.349040	10.000000	
0.349100	11.000000	
0.349100	10.000000	
0.349160	11.000000	
0.349160	10.000000	
0.349230	11.000000	
0.349230	10.000000	
0.349650	11.000000	
0.349650	10.000000	
0.350500	11.000000	
0.350500	10.000000	
0.351360	11.000000	
0.351360	10.000000	
0.352210	11.000000	
0.352210	10.000000	
0.353060	11.000000	
0.353060	10.000000	
0.390590	11.000000	
0.390590	10.000000	
0.401620	11.000000	
0.401620	10.000000	
0.401680	11.000000	
0.401680	10.000000	
0.401740	11.000000	
0.401740	10.000000	
0.401800	11.000000	
0.401800	10.000000	
0.401860	11.000000	
0.401860	10.000000	
0.401920	11.000000	
0.401920	10.000000	
0.401980	11.000000	
0.401980	10.000000	
0.402040	11.000000	
0.402040	10.000000	
0.402100	11.000000	
0.402100	10.000000	
0.432050	11.000000	
0.432050	10.000000	
0.444190	11.000000	
0.444190	10.000000	
0.444430	11.000000	
0.444430	10.000000	
0.444490	11.000000	
0.444490	10.000000	
0.446900	11.000000	
0.446900	10.000000	
0.447030	11.000000	
0.447030	10.000000	
0.447090	11.000000	
0.447090	10.000000	
0.448140	11.000000	
0.448140	10.000000	
0.448490	11.000000	
0.448490	10.000000	
0.449340	11.000000	
0.449340	10.000000	
0.473350	11.000000	
0.473350	10.000000	
0.489220	11.000000	
0.489220	10.000000	
0.489280	11.000000	
0.489280	10.000000	
0.489340	11.000000	
0.489340	10.000000	
0.489400	11.000000	
0.489400	10.000000	
0.489460	11.000000	
0.489460	10.000000	
0.489590	11.000000	
0.489590	10.000000	
0.490680	11.000000	
0.490680	10.000000	
0.491600	11.000000	
0.491600	10.000000	
0.492480	11.000000	
0.492480	10.000000	
0.517200	11.000000	
0.517200	10.000000	
0.534630	11.000000	
0.534630	10.000000	
0.534690	11.000000	
0.534690	10.000000	
0.534750	11.000000	
0.534750	10.000000	
0.534810	11.000000	
0.534810	10.000000	
0.534870	11.000000	
0.534870	10.000000	
0.534930	11.000000	
0.534930	10.000000	
0.535260	11.000000	
0.535260	10.000000	
0.536180	11.000000	
0.536180	10.000000	
0.537050	11.000000	
0.537050	10.000000	
0.561680	11.000000	
0.561680	10.000000	
0.579800	11.000000	
0.579800	10.000000	
0.579860	11.000000	
0.579860	10.000000	
0.579920	11.000000	
0.579920	10.000000	
0.579980	11.000000	
0.579980	10.000000	
0.580040	11.000000	
0.580040	10.000000	
0.580100	11.000000	
0.580100	10.000000	
0.580740	11.000000	
0.580740	10.000000	
0.581660	11.000000	
0.581660	10.000000	
0.582600	11.000000	
0.582600	10.000000	
0.603280	11.000000	
0.603280	10.000000	
0.621560	11.000000	
0.621560	10.000000	
0.621640	11.000000	
0.621640	10.000000	
0.626300	11.000000	
0.626300	10.000000	
0.626360	11.000000	
0.626360	10.000000	
0.626420	11.000000	
0.626420	10.000000	
0.626480	11.000000	
0.626480	10.000000	
0.626540	11.000000	
0.626540	10.000000	
0.626750	11.000000	
0.626750	10.000000	
0.627600	11.000000	
0.627600	10.000000	
0.646290	11.000000	
0.646290	10.000000	
0.672840	11.000000	
0.672840	10.000000	
0.672900	11.000000	
0.672900	10.000000	
0.672960	11.000000	
0.672960	10.000000	
0.673020	11.000000	
0.673020	10.000000	
0.673080	11.000000	
0.673080	10.000000	
0.673140	11.000000	
0.673140	10.000000	
0.673280	11.000000	
0.673280	10.000000	
0.673350	11.000000	
0.673350	10.000000	
0.673410	11.000000	
0.673410	10.000000	
0.690670	11.000000	
0.690670	10.000000	
0.714370	11.000000	
0.714370	10.000000	
0.714590	11.000000	
0.714590	10.000000	
0.715770	11.000000	
0.715770	10.000000	
0.721700	11.000000	
0.721700	10.000000	
0.721770	11.000000	
0.721770	10.000000	
0.721830	11.000000	
0.721830	10.000000	
0.721890	11.000000	
0.721890	10.000000	
0.721950	11.000000	
0.721950	10.000000	
0.722010	11.000000	
0.722010	10.000000	
0.739580	11.000000	
0.739580	10.000000	
0.764510	11.000000	
0.764510	10.000000	
0.764580	11.000000	
0.764580	10.000000	
0.764640	11.000000	
0.764640	10.000000	
0.764700	11.000000	
0.764700	10.000000	
0.764760	11.000000	
0.764760	10.000000	
0.764820	11.000000	
0.764820	10.000000	
0.765170	11.000000	
0.765170	10.000000	
0.766020	11.000000	
0.766020	10.000000	
0.766870	11.000000	
0.766870	10.000000	
0.784500	11.000000	
0.784500	10.000000	
0.806170	11.000000	
0.806170	10.000000	
0.809860	11.000000	
0.809860	10.000000	
0.809920	11.000000	
0.809920	10.000000	
0.809980	11.000000	
0.809980	10.000000	
0.810040	11.000000	
0.810040	10.000000	
0.810100	11.000000	
0.810100	10.000000	
0.810530	11.000000	
0.810530	10.000000	
0.811390	11.000000	
0.811390	10.000000	
0.812240	11.000000	
0.812240	10.000000	
0.829850	11.000000	
0.829850	10.000000	
0.847120	11.000000	
0.847120	10.000000	
0.851630	11.000000	
0.851630	10.000000	
0.851690	11.000000	
0.851690	10.000000	
0.853500	11.000000	
0.853500	10.000000	
0.853580	11.000000	
0.853580	10.000000	
0.854550	11.000000	
0.854550	10.000000	
0.855020	11.000000	
0.855020	10.000000	
0.855880	11.000000	
0.855880	10.000000	
0.856730	11.000000	
0.856730	10.000000	
0.879190	11.000000	
0.879190	10.000000	
0.904890	11.000000	
0.904890	10.000000	
0.904950	11.000000	
0.904950	10.000000	
0.905010	11.000000	
0.905010	10.000000	
0.905080	11.000000	
0.905080	10.000000	
0.905140	11.000000	
0.905140	10.000000	
0.905200	11.000000	
0.905200	10.000000	
0.905260	11.000000	
0.905260	10.000000	
0.905320	11.000000	
0.905320	10.000000	
0.905380	11.000000	
0.905380	10.000000	
0.923470	11.000000	
0.923470	10.000000	
0.951260	11.000000	
0.951260	10.000000	
0.951320	11.000000	
0.951320	10.000000	
0.951390	11.000000	
0.951390	10.000000	
0.951450	11.000000	
0.951450	10.000000	
0.951510	11.000000	
0.951510	10.000000	
0.951570	11.000000	
0.951570	10.000000	
0.951630	11.000000	
0.951630	10.000000	
0.951760	11.000000	
0.951760	10.000000	
0.952620	11.000000	
0.952620	10.000000	
0.970840	11.000000	
0.970840	10.000000	
0.997160	11.000000	
0.997160	10.000000	
0.997230	11.000000	
0.997230	10.000000	
0.997290	11.000000	
0.997290	10.000000	
0.997350	11.000000	
0.997350	10.000000	
0.997410	11.000000	
0.997410	10.000000	
0.997470	11.000000	
0.997470	10.000000	
0.997530	11.000000	
0.997530	10.000000	
0.998140	11.000000	
0.998140	10.000000	
0.998990	11.000000	
0.998990	10.000000	
1.017160	11.000000	
1.017160	10.000000	
1.038800	11.000000	
1.038800	10.000000	
1.038920	11.000000	
1.038920	10.000000	
1.039850	11.000000	
1.039850	10.000000	
1.040860	11.000000	
1.040860	10.000000	
1.041800	11.000000	
1.041800	10.000000	
1.043730	11.000000	
1.043730	10.000000	
1.043790	11.000000	
1.043790	10.000000	
1.044040	11.000000	
1.044040	10.000000	
1.044890	11.000000	
1.044890	10.000000	
1.063720	11.000000	
1.063720	10.000000	
1.080930	11.000000	
1.080930	10.000000	
1.080990	11.000000	
1.080990	10.000000	
1.081420	11.000000	
1.081420	10.000000	
1.083210	11.000000	
1.083210	10.000000	
1.083380	11.000000	
1.083380	10.000000	
1.085160	11.000000	
1.085160	10.000000	
1.086090	11.000000	
1.086090	10.000000	
1.086330	11.000000	
1.086330	10.000000	
1.087190	11.000000	
1.087190	10.000000	
1.106550	11.000000	
1.106550	10.000000	
1.122500	11.000000	
1.122500	10.000000	
1.125160	11.000000	
1.125160	10.000000	
1.125230	11.000000	
1.125230	10.000000	
1.125290	11.000000	
1.125290	10.000000	
1.125440	11.000000	
1.125440	10.000000	
1.126320	11.000000	
1.126320	10.000000	
1.129200	11.000000	
1.129200	10.000000	
1.129260	11.000000	
1.129260	10.000000	
1.129610	11.000000	
1.129610	10.000000	
1.150490	11.000000	
1.150490	10.000000	
1.168080	11.000000	
1.168080	10.000000	
1.168140	11.000000	
1.168140	10.000000	
1.168200	11.000000	
1.168200	10.000000	
1.168260	11.000000	
1.168260	10.000000	
1.168650	11.000000	
1.168650	10.000000	
1.169580	11.000000	
1.169580	10.000000	
1.170470	11.000000	
1.170470	10.000000	
1.171400	11.000000	
1.171400	10.000000	
1.172280	11.000000	
1.172280	10.000000	
1.196540	11.000000	
1.196540	10.000000	
1.215790	11.000000	
1.215790	10.000000	
1.215850	11.000000	
1.215850	10.000000	
1.215910	11.000000	
1.215910	10.000000	
1.215970	11.000000	
1.215970	10.000000	
1.216030	11.000000	
1.216030	10.000000	
1.216090	11.000000	
1.216090	10.000000	
1.216150	11.000000	
1.216150	10.000000	
1.216210	11.000000	
1.216210	10.000000	
1.216270	11.000000	
1.216270	10.000000	
1.237560	11.000000	
1.237560	10.000000	
1.261760	11.000000	
1.261760	10.000000	
1.261820	11.000000	
1.261820	10.000000	
1.261880	11.000000	
1.261880	10.000000	
1.261940	11.000000	
1.261940	10.000000	
1.262000	11.000000	
1.262000	10.000000	
1.262060	11.000000	
1.262060	10.000000	
1.262120	11.000000	
1.262120	10.000000	
1.262740	11.000000	
1.262740	10.000000	
1.263590	11.000000	
1.263590	10.000000	
1.281750	11.000000	
1.281750	10.000000	
1.303150	11.000000	
1.303150	10.000000	
1.307840	11.000000	
1.307840	10.000000	
1.307900	11.000000	
1.307900	10.000000	
1.307960	11.000000	
1.307960	10.000000	
1.308020	11.000000	
1.308020	10.000000	
1.308080	11.000000	
1.308080	10.000000	
1.308140	11.000000	
1.308140	10.000000	
1.308630	11.000000	
1.308630	10.000000	
1.309480	11.000000	
1.309480	10.000000	
1.327830	11.000000	
1.327830	10.000000	
1.344130	11.000000	
1.344130	10.000000	
1.353060	11.000000	
1.353060	10.000000	
1.353120	11.000000	
1.353120	10.000000	
1.353180	11.000000	
1.353180	10.000000	
1.353240	11.000000	
1.353240	10.000000	
1.353300	11.000000	
1.353300	10.000000	
1.353360	11.000000	
1.353360	10.000000	
1.353860	11.000000	
1.353860	10.000000	
1.354710	11.000000	
1.354710	10.000000	
1.373050	11.000000	
1.373050	10.000000	
1.442780	11.000000	
1.442780	10.000000	
1.442840	11.000000	
1.442840	10.000000	
1.442900	11.000000	
1.442900	10.000000	
1.442960	11.000000	
1.442960	10.000000	
1.443020	11.000000	
1.443020	10.000000	
1.443080	11.000000	
1.443080	10.000000	
1.443140	11.000000	
1.443140	10.000000	
1.443200	11.000000	
1.443200	10.000000	
1.443260	11.000000	
1.443260	10.000000	
1.443320	11.000000	
1.443320	10.000000	
1.489260	11.000000	
1.489260	10.000000	
1.489320	11.000000	
1.489320	10.000000	
1.489380	11.000000	
1.489380	10.000000	
1.489440	11.000000	
1.489440	10.000000	
1.489500	11.000000	
1.489500	10.000000	
1.489560	11.000000	
1.489560	10.000000	
1.489630	11.000000	
1.489630	10.000000	
1.490260	11.000000	
1.490260	10.000000	
1.491110	11.000000	
1.491110	10.000000	
1.491970	11.000000	
1.491970	10.000000	
1.533610	11.000000	
1.533610	10.000000	
1.533670	11.000000	
1.533670	10.000000	
1.533730	11.000000	
1.533730	10.000000	
1.533790	11.000000	
1.533790	10.000000	
1.533850	11.000000	
1.533850	10.000000	
1.534430	11.000000	
1.534430	10.000000	
1.535280	11.000000	
1.535280	10.000000	
1.536130	11.000000	
1.536130	10.000000	
1.536990	11.000000	
1.536990	10.000000	
1.537840	11.000000	
1.537840	10.000000	
1.737840	1.000000	
2.041750	2.000000	
2.082650	3.000000	
2.083500	4.000000	
2.123550	5.000000	
2.124400	6.000000	
2.125260	7.000000	
2.126110	8.000000	
2.164450	9.000000	
2.165310	10.000000	
2.166160	11.000000	
2.166160	10.000000	
2.167010	11.000000	
2.167010	10.000000	
2.167860	11.000000	
2.167860	10.000000	
2.168720	11.000000	
2.168720	10.000000	
2.169570	11.000000	
2.169570	10.000000	
2.170420	11.000000	
2.170420	10.000000	
2.205360	11.000000	
2.205360	10.000000	
2.206210	11.000000	
2.206210	10.000000	
2.207060	11.000000	
2.207060	10.000000	
2.207910	11.000000	
2.207910	10.000000	
2.208770	11.000000	
2.208770	10.000000	
2.209620	11.000000	
2.209620	10.000000	
2.210470	11.000000	
2.210470	10.000000	
2.211320	11.000000	
2.211320	10.000000	
2.212180	11.000000	
2.212180	10.000000	
2.213030	11.000000	
2.213030	10.000000	
2.246260	11.000000	
2.246260	10.000000	
2.247110	11.000000	
2.247110	10.000000	
2.247960	11.000000	
2.247960	10.000000	
2.248820	11.000000	
2.248820	10.000000	
2.249670	11.000000	
2.249670	10.000000	
2.250520	11.000000	
2.250520	10.000000	
2.251370	11.000000	
2.251370	10.000000	
2.252230	11.000000	
2.252230	10.000000	
2.253080	11.000000	
2.253080	10.000000	
2.253930	11.000000	
2.253930	10.000000	
2.287160	11.000000	
2.287160	10.000000	
2.288010	11.000000	
2.288010	10.000000	
2.288870	11.000000	
2.288870	10.000000	
2.289720	11.000000	
2.289720	10.000000	
2.290570	11.000000	
2.290570	10.000000	
2.291420	11.000000	
2.291420	10.000000	
2.292280	11.000000	
2.292280	10.000000	
2.293130	11.000000	
2.293130	10.000000	
2.293980	11.000000	
2.293980	10.000000	
2.294840	11.000000	
2.294840	10.000000	
2.328060	11.000000	
2.328060	10.000000	
2.328920	11.000000	
2.328920	10.000000	
2.329770	11.000000	
2.329770	10.000000	
2.330620	11.000000	
2.330620	10.000000	
2.331470	11.000000	
2.331470	10.000000	
2.332330	11.000000	
2.332330	10.000000	
2.333180	11.000000	
2.333180	10.000000	
2.334030	11.000000	
2.334030	10.000000	
2.334880	11.000000	
2.334880	10.000000	
2.335740	11.000000	
2.335740	10.000000	
2.368960	11.000000	
2.368960	10.000000	
2.369820	11.000000	
2.369820	10.000000	
2.370670	11.000000	
2.370670	10.000000	
2.371520	11.000000	
2.371520	10.000000	
2.372380	11.000000	
2.372380	10.000000	
2.373230	11.000000	
2.373230	10.000000	
2.374080	11.000000	
2.374080	10.000000	
2.374930	11.000000	
2.374930	10.000000	
2.375790	11.000000	
2.375790	10.000000	
2.376640	11.000000	
2.376640	10.000000	
2.409870	11.000000	
2.409870	10.000000	
2.410720	11.000000	
2.410720	10.000000	
2.411570	11.000000	
2.411570	10.000000	
2.412430	11.000000	
2.412430	10.000000	
2.413280	11.000000	
2.413280	10.000000	
2.414130	11.000000	
2.414130	10.000000	
2.414980	11.000000	
2.414980	10.000000	
2.415840	11.000000	
2.415840	10.000000	
2.416690	11.000000	
2.416690	10.000000	
2.417540	11.000000	
2.417540	10.000000	
2.450770	11.000000	
2.450770	10.000000	
2.451620	11.000000	
2.451620	10.000000	
2.452480	11.000000	
2.452480	10.000000	
2.453330	11.000000	
2.453330	10.000000	
2.454180	11.000000	
2.454180	10.000000	
2.455030	11.000000	
2.455030	10.000000	
2.455890	11.000000	
2.455890	10.000000	
2.456740	11.000000	
2.456740	10.000000	
2.457590	11.000000	
2.457590	10.000000	
2.458440	11.000000	
2.458440	10.000000	
2.491670	11.000000	
2.491670	10.000000	
2.492520	11.000000	
2.492520	10.000000	
2.493380	11.000000	
2.493380	10.000000	
2.494230	11.000000	
2.494230	10.000000	
2.495080	11.000000	
2.495080	10.000000	
2.495940	11.000000	
2.495940	10.000000	
2.496790	11.000000	
2.496790	10.000000	
2.497640	11.000000	
2.497640	10.000000	
2.498490	11.000000	
2.498490	10.000000	
2.499350	11.000000	
2.499350	10.000000	
2.532570	11.000000	
2.532570	10.000000	
2.533430	11.000000	
2.533430	10.000000	
2.534280	11.000000	
2.534280	10.000000	
2.535130	11.000000	
2.535130	10.000000	
2.535990	11.000000	
2.535990	10.000000	
2.536840	11.000000	
2.536840	10.000000	
2.537690	11.000000	
2.537690	10.000000	
2.538540	11.000000	
2.538540	10.000000	
2.539400	11.000000	
2.539400	10.000000	
2.540250	11.000000	
2.540250	10.000000	
2.573480	11.000000	
2.573480	10.000000	
2.574330	11.000000	
2.574330	10.000000	
2.575180	11.000000	
2.575180	10.000000	
2.576040	11.000000	
2.576040	10.000000	
2.576890	11.000000	
2.576890	10.000000	
2.577740	11.000000	
2.577740	10.000000	
2.578590	11.000000	
2.578590	10.000000	
2.579450	11.000000	
2.579450	10.000000	
2.580300	11.000000	
2.580300	10.000000	
2.581150	11.000000	
2.581150	10.000000	
2.614380	11.000000	
2.614380	10.000000	
2.615230	11.000000	
2.615230	10.000000	
2.616080	11.000000	
2.616080	10.000000	
2.616940	11.000000	
2.616940	10.000000	
2.617790	11.000000	
2.617790	10.000000	
2.618640	11.000000	
2.618640	10.000000	
2.619500	11.000000	
2.619500	10.000000	
2.620350	11.000000	
2.620350	10.000000	
2.621200	11.000000	
2.621200	10.000000	
2.622050	11.000000	
2.622050	10.000000	
2.655280	11.000000	
2.655280	10.000000	
2.656130	11.000000	
2.656130	10.000000	
2.656990	11.000000	
2.656990	10.000000	
2.657840	11.000000	
2.657840	10.000000	
2.658690	11.000000	
2.658690	10.000000	
2.659550	11.000000	
2.659550	10.000000	
2.660400	11.000000	
2.660400	10.000000	
2.661250	11.000000	
2.661250	10.000000	
2.662100	11.000000	
2.662100	10.000000	
2.662960	11.000000	
2.662960	10.000000	
2.696750	11.000000	
2.696750	10.000000	
2.697670	11.000000	
2.697670	10.000000	
2.697890	11.000000	
2.697890	10.000000	
2.698740	11.000000	
2.698740	10.000000	
2.699600	11.000000	
2.699600	10.000000	
2.700450	11.000000	
2.700450	10.000000	
2.701300	11.000000	
2.701300	10.000000	
2.702150	11.000000	
2.702150	10.000000	
2.703010	11.000000	
2.703010	10.000000	
2.703860	11.000000	
2.703860	10.000000	
2.742830	11.000000	
2.742830	10.000000	
2.742890	11.000000	
2.742890	10.000000	
2.742950	11.000000	
2.742950	10.000000	
2.743010	11.000000	
2.743010	10.000000	
2.743070	11.000000	
2.743070	10.000000	
2.743130	11.000000	
2.743130	10.000000	
2.743200	11.000000	
2.743200	10.000000	
2.743690	11.000000	
2.743690	10.000000	
2.744540	11.000000	
2.744540	10.000000	
2.745390	11.000000	
2.745390	10.000000	
2.789680	11.000000	
2.789680	10.000000	
2.789740	11.000000	
2.789740	10.000000	
2.789800	11.000000	
2.789800	10.000000	
2.789860	11.000000	
2.789860	10.000000	
2.789920	11.000000	
2.789920	10.000000	
2.789980	11.000000	
2.789980	10.000000	
2.790040	11.000000	
2.790040	10.000000	
2.790100	11.000000	
2.790100	10.000000	
2.790560	11.000000	
2.790560	10.000000	
2.791410	11.000000	
2.791410	10.000000	
2.835420	11.000000	
2.835420	10.000000	
2.835480	11.000000	
2.835480	10.000000	
2.835540	11.000000	
2.835540	10.000000	
2.835600	11.000000	
2.835600	10.000000	
2.835670	11.000000	
2.835670	10.000000	
2.835730	11.000000	
2.835730	10.000000	
2.835790	11.000000	
2.835790	10.000000	
2.836550	11.000000	
2.836550	10.000000	
2.837400	11.000000	
2.837400	10.000000	
2.838250	11.000000	
2.838250	10.000000	
2.876940	11.000000	
2.876940	10.000000	
2.877870	11.000000	
2.877870	10.000000	
2.878810	11.000000	
2.878810	10.000000	
2.881540	11.000000	
2.881540	10.000000	
2.881600	11.000000	
2.881600	10.000000	
2.881660	11.000000	
2.881660	10.000000	
2.881720	11.000000	
2.881720	10.000000	
2.882290	11.000000	
2.882290	10.000000	
2.883150	11.000000	
2.883150	10.000000	
2.884000	11.000000	
2.884000	10.000000	
2.925000	11.000000	
2.925000	10.000000	
2.925060	11.000000	
2.925060	10.000000	
2.925120	11.000000	
2.925120	10.000000	
2.925180	11.000000	
2.925180	10.000000	
2.925240	11.000000	
2.925240	10.000000	
2.925300	11.000000	
2.925300	10.000000	
2.925360	11.000000	
2.925360	10.000000	
2.925850	11.000000	
2.925850	10.000000	
2.926710	11.000000	
2.926710	10.000000	
2.927560	11.000000	
2.927560	10.000000	
2.966460	11.000000	
2.966460	10.000000	
2.967600	11.000000	
2.967600	10.000000	
2.967850	11.000000	
2.967850	10.000000	
2.969310	11.000000	
2.969310	10.000000	
2.969370	11.000000	
2.969370	10.000000	
2.972150	11.000000	
2.972150	10.000000	
2.972210	11.000000	
2.972210	10.000000	
2.972280	11.000000	
2.972280	10.000000	
2.972720	11.000000	
2.972720	10.000000	
2.973570	11.000000	
2.973570	10.000000	
3.007580	11.000000	
3.007580	10.000000	
3.011110	11.000000	
3.011110	10.000000	
3.011170	11.000000	
3.011170	10.000000	
3.012120	11.000000	
3.012120	10.000000	
3.012200	11.000000	
3.012200	10.000000	
3.013130	11.000000	
3.013130	10.000000	
3.014060	11.000000	
3.014060	10.000000	
3.014760	11.000000	
3.014760	10.000000	
3.015610	11.000000	
3.015610	10.000000	
3.016470	11.000000	
3.016470	10.000000	
3.216470	1.000000	
