0.000000	1.000000	
0.240110	2.000000	
0.281010	3.000000	
0.281870	4.000000	
0.321920	5.000000	
0.322770	6.000000	
0.323620	7.000000	
0.324470	8.000000	
0.362820	9.000000	
0.363670	10.000000	
0.364520	11.000000	
0.365380	12.000000	
0.366250	13.000000	
0.367170	14.000000	
0.368050	15.000000	
0.368970	16.000000	
0.403720	17.000000	
0.404570	18.000000	
0.405430	19.000000	
0.406280	20.000000	
0.407130	20.050000	
0.407980	20.100000	
0.408840	20.150000	
0.409690	20.199000	
0.410540	20.249000	
0.411670	20.298000	
0.412590	20.347000	
0.413470	20.397000	
0.414390	20.446000	
0.415320	20.494000	
0.416170	20.543000	
0.417040	20.592000	
0.450200	20.641000	
0.451050	20.689000	
0.451900	20.737000	
0.452990	20.786000	
0.453840	20.834000	
0.454700	20.882000	
0.455550	20.930000	
0.456400	20.977000	
0.457260	21.025000	
0.458110	21.073000	
0.458960	21.120000	
0.459810	21.167000	
0.460670	21.215000	
0.461520	21.262000	
0.462370	21.309000	
0.463230	21.356000	
0.464160	21.403000	
0.466890	21.449000	
0.466950	21.496000	
0.492820	21.542000	
0.493330	21.589000	
0.494260	21.635000	
0.495140	21.681000	
0.495990	21.727000	
0.496840	21.773000	
0.497700	21.819000	
0.498550	21.865000	
0.499400	21.911000	
0.500250	21.957000	
0.501180	22.002000	
0.502030	22.048000	
0.502880	22.093000	
0.503740	22.138000	
0.504590	22.183000	
0.505440	22.228000	
0.506320	22.273000	
0.507360	22.318000	
0.508280	22.363000	
0.509210	22.408000	
0.538110	22.453000	
0.538960	22.497000	
0.539820	22.542000	
0.540670	22.586000	
0.541520	22.630000	
0.542380	22.674000	
0.543230	22.718000	
0.544080	22.762000	
0.544930	22.806000	
0.545790	22.850000	
0.546640	22.894000	
0.547490	22.938000	
0.548350	22.981000	
0.549200	23.025000	
0.550050	23.068000	
0.550900	23.112000	
0.551890	23.155000	
0.552820	23.198000	
0.553690	23.241000	
0.554620	23.284000	
0.583450	23.327000	
0.584300	23.370000	
0.585160	23.413000	
0.586010	23.455000	
0.586860	23.498000	
0.587710	23.541000	
0.588570	23.583000	
0.589420	23.626000	
0.590270	23.668000	
0.591120	23.710000	
0.591980	23.752000	
0.592830	23.794000	
0.593680	23.836000	
0.594540	23.878000	
0.595390	23.920000	
0.596240	23.962000	
0.597120	24.004000	
0.597990	24.045000	
0.598910	24.087000	
0.599790	24.129000	
0.628460	24.170000	
0.629310	24.211000	
0.630160	24.253000	
0.631010	24.294000	
0.631870	24.335000	
0.632720	24.376000	
0.633570	24.417000	
0.634430	24.458000	
0.635280	24.499000	
0.636130	24.540000	
0.636980	24.581000	
0.637840	24.621000	
0.638690	24.662000	
0.639540	24.702000	
0.640400	24.743000	
0.641250	24.783000	
0.643320	24.824000	
0.643610	24.864000	
0.644490	24.904000	
0.645360	24.944000	
0.673220	24.984000	
0.674020	25.024000	
0.674870	25.064000	
0.675730	25.104000	
0.676580	25.144000	
0.677430	25.184000	
0.678280	25.224000	
0.679140	25.263000	
0.679990	25.303000	
0.680840	25.342000	
0.681700	25.382000	
0.682550	25.421000	
0.683420	25.461000	
0.684460	25.500000	
0.685390	25.539000	
0.686310	25.578000	
0.687160	25.617000	
0.688090	25.656000	
0.688940	25.695000	
0.689800	25.734000	
0.719660	25.773000	
0.722270	25.812000	
0.723120	25.851000	
0.723970	25.889000	
0.724830	25.928000	
0.725680	25.967000	
0.726530	26.005000	
0.727390	26.044000	
0.728240	26.082000	
0.729090	26.120000	
0.729940	26.159000	
0.730800	26.197000	
0.731650	26.235000	
0.732500	26.273000	
0.733360	26.311000	
0.734210	26.349000	
0.737070	26.387000	
0.737130	26.425000	
0.737780	26.463000	
0.738710	26.501000	
0.761030	26.538000	
0.767720	26.576000	
0.768580	26.614000	
0.769430	26.651000	
0.770280	26.689000	
0.771140	26.726000	
0.771990	26.764000	
0.772840	26.801000	
0.773690	26.838000	
0.774550	26.876000	
0.775400	26.913000	
0.776340	26.950000	
0.777260	26.987000	
0.778190	27.024000	
0.779110	27.061000	
0.779960	27.098000	
0.780890	27.135000	
0.781950	27.172000	
0.782800	27.209000	
0.783650	27.245000	
0.802520	27.282000	
0.813090	27.319000	
0.813940	27.355000	
0.814800	27.392000	
0.815650	27.428000	
0.816500	27.465000	
0.817360	27.501000	
0.818210	27.538000	
0.819060	27.574000	
0.819910	27.610000	
0.820770	27.646000	
0.821620	27.683000	
0.822470	27.719000	
0.823510	27.755000	
0.824370	27.791000	
0.825220	27.827000	
0.826070	27.863000	
0.827110	27.899000	
0.827980	27.934000	
0.828860	27.970000	
0.864890	28.006000	
0.864960	28.042000	
0.865020	28.077000	
0.865080	28.113000	
0.865140	28.149000	
0.865200	28.184000	
0.865260	28.220000	
0.865320	28.255000	
0.865380	28.290000	
0.865440	28.326000	
0.865500	28.361000	
0.866220	28.396000	
0.867100	28.432000	
0.868030	28.467000	
0.868900	28.502000	
0.869780	28.537000	
0.870630	28.572000	
0.871480	28.607000	
0.873390	28.642000	
0.873480	28.677000	
0.905800	28.712000	
0.906650	28.747000	
0.907500	28.781000	
0.908360	28.816000	
0.909620	28.851000	
0.910550	28.885000	
0.911420	28.920000	
0.912270	28.955000	
0.913150	28.989000	
0.914000	29.024000	
0.914850	29.058000	
0.915700	29.093000	
0.916630	29.127000	
0.917480	29.161000	
0.918330	29.196000	
0.919190	29.230000	
0.920060	29.264000	
0.920910	29.298000	
0.921770	29.332000	
0.922620	29.366000	
0.953470	29.400000	
0.954320	29.434000	
0.955180	29.468000	
0.956030	29.502000	
0.956880	29.536000	
0.957730	29.570000	
0.958590	29.604000	
0.959440	29.638000	
0.960290	29.671000	
0.961150	29.705000	
0.962000	29.739000	
0.962850	29.772000	
0.963700	29.806000	
0.964560	29.840000	
0.965410	29.873000	
0.966260	29.907000	
0.967140	29.940000	
0.968060	29.973000	
0.968990	30.007000	
0.969910	30.040000	
0.999840	30.073000	
1.000690	30.107000	
1.001550	30.140000	
1.002400	30.173000	
1.003250	30.206000	
1.004110	30.239000	
1.004960	30.272000	
1.005810	30.305000	
1.006660	30.338000	
1.007520	30.371000	
1.008370	30.404000	
1.009220	30.437000	
1.010080	30.470000	
1.010930	30.503000	
1.011780	30.536000	
1.012630	30.568000	
1.013510	30.601000	
1.014430	30.634000	
1.015360	30.666000	
1.016230	30.699000	
1.045740	30.732000	
1.046600	30.764000	
1.047450	30.797000	
1.048300	30.829000	
1.049150	30.862000	
1.050010	30.894000	
1.050860	30.926000	
1.051710	30.959000	
1.052560	30.991000	
1.053420	31.023000	
1.054270	31.055000	
1.055120	31.088000	
1.055980	31.120000	
1.056830	31.152000	
1.057680	31.184000	
1.058530	31.216000	
1.061450	31.248000	
1.061530	31.280000	
1.063390	31.312000	
1.063450	31.344000	
1.088040	31.376000	
1.088890	31.408000	
1.089750	31.440000	
1.090600	31.471000	
1.091450	31.503000	
1.092300	31.535000	
1.093160	31.567000	
1.094010	31.598000	
1.094860	31.630000	
1.095720	31.662000	
1.096570	31.693000	
1.097420	31.725000	
1.098270	31.756000	
1.099130	31.788000	
1.099980	31.819000	
1.100920	31.851000	
1.102700	31.882000	
1.103660	31.913000	
1.106610	31.945000	
1.106670	31.976000	
1.130460	32.007000	
1.131320	32.039000	
1.132170	32.070000	
1.133020	32.101000	
1.133870	32.132000	
1.134730	32.163000	
1.135580	32.194000	
1.136430	32.225000	
1.137280	32.256000	
1.138140	32.287000	
1.138990	32.318000	
1.139840	32.349000	
1.140700	32.380000	
1.141550	32.411000	
1.142400	32.442000	
1.143410	32.473000	
1.144280	32.504000	
1.145160	32.534000	
1.177300	32.565000	
1.177360	32.596000	
1.177420	32.627000	
1.177480	32.657000	
1.177540	32.688000	
1.177600	32.718000	
1.177660	32.749000	
1.177720	32.779000	
1.178340	32.810000	
1.179190	32.840000	
1.180050	32.871000	
1.180900	32.901000	
1.181820	32.932000	
1.182750	32.962000	
1.183600	32.992000	
1.184480	33.023000	
1.185350	33.053000	
1.186270	33.083000	
1.187200	33.114000	
1.188070	33.144000	
1.218200	33.174000	
1.219050	33.204000	
1.219910	33.234000	
1.220760	33.264000	
1.221610	33.294000	
1.222460	33.324000	
1.223320	33.354000	
1.224170	33.384000	
1.225020	33.414000	
1.225880	33.444000	
1.226730	33.474000	
1.227580	33.504000	
1.228430	33.534000	
1.229290	33.564000	
1.230350	33.593000	
1.231220	33.623000	
1.232150	33.653000	
1.233000	33.683000	
1.233920	33.712000	
1.234780	33.742000	
1.264440	33.772000	
1.265300	33.801000	
1.266150	33.831000	
1.267000	33.860000	
1.267860	33.890000	
1.268710	33.919000	
1.269560	33.949000	
1.270410	33.978000	
1.271270	34.008000	
1.272120	34.037000	
1.272970	34.067000	
1.273830	34.096000	
1.274680	34.125000	
1.275530	34.155000	
1.276380	34.184000	
1.277240	34.213000	
1.278230	34.242000	
1.279150	34.272000	
1.280020	34.301000	
1.280900	34.330000	
1.310340	34.359000	
1.311190	34.388000	
1.312040	34.417000	
1.312900	34.446000	
1.313750	34.475000	
1.314600	34.504000	
1.315450	34.533000	
1.316310	34.562000	
1.317160	34.591000	
1.318010	34.620000	
1.318870	34.649000	
1.319720	34.678000	
1.320570	34.707000	
1.321420	34.735000	
1.322280	34.764000	
1.323130	34.793000	
1.324060	34.822000	
1.325050	34.850000	
1.325980	34.879000	
1.326900	34.908000	
1.355560	34.936000	
1.356410	34.965000	
1.357270	34.994000	
1.358120	35.022000	
1.358970	35.051000	
1.359830	35.079000	
1.360680	35.108000	
1.361530	35.136000	
1.362380	35.165000	
1.363240	35.193000	
1.364090	35.222000	
1.365080	35.250000	
1.365930	35.278000	
1.366780	35.307000	
1.367640	35.335000	
1.368490	35.363000	
1.369340	35.392000	
1.370280	35.420000	
1.371320	35.448000	
1.372190	35.476000	
1.400780	35.505000	
1.401630	35.533000	
1.402490	35.561000	
1.403340	35.589000	
1.404190	35.617000	
1.405040	35.645000	
1.406030	35.673000	
1.407140	35.701000	
1.408050	35.729000	
1.408970	35.757000	
1.409830	35.785000	
1.410750	35.813000	
1.411600	35.841000	
1.412460	35.869000	
1.413330	35.897000	
1.414180	35.925000	
1.415040	35.953000	
1.415890	35.980000	
1.416760	36.008000	
1.417620	36.036000	
1.441680	36.064000	
1.442540	36.091000	
1.443390	36.119000	
1.444240	36.147000	
1.445090	36.174000	
1.445950	36.202000	
1.446940	36.230000	
1.448040	36.257000	
1.448950	36.285000	
1.449880	36.312000	
1.450730	36.340000	
1.451650	36.368000	
1.452510	36.395000	
1.453360	36.423000	
1.454230	36.450000	
1.455090	36.477000	
1.455940	36.505000	
1.456790	36.532000	
1.457670	36.560000	
1.458520	36.587000	
1.483180	36.614000	
1.483440	36.642000	
1.492820	36.669000	
1.493670	36.696000	
1.494520	36.723000	
1.495380	36.751000	
1.496230	36.778000	
1.497080	36.805000	
1.497940	36.832000	
1.498790	36.859000	
1.499640	36.886000	
1.500490	36.914000	
1.501350	36.941000	
1.502200	36.968000	
1.503050	36.995000	
1.504950	37.022000	
1.505850	37.049000	
1.506780	37.076000	
1.507650	37.103000	
1.508580	37.130000	
1.524680	37.157000	
1.525740	37.184000	
1.538690	37.210000	
1.539540	37.237000	
1.540400	37.264000	
1.541250	37.291000	
1.542100	37.318000	
1.542960	37.345000	
1.543810	37.371000	
1.544660	37.398000	
1.545600	37.425000	
1.546650	37.452000	
1.547510	37.478000	
1.548360	37.505000	
1.549210	37.532000	
1.550060	37.558000	
1.550920	37.585000	
1.551850	37.612000	
1.552730	37.638000	
1.553600	37.665000	
1.565590	37.691000	
1.566640	37.718000	
1.579590	37.744000	
1.580450	37.771000	
1.581300	37.797000	
1.582150	37.824000	
1.583000	37.850000	
1.583860	37.877000	
1.584710	37.903000	
1.585560	37.929000	
1.586500	37.956000	
1.587560	37.982000	
1.588410	38.008000	
1.589260	38.035000	
1.590110	38.061000	
1.590970	38.087000	
1.591820	38.114000	
1.592760	38.140000	
1.593630	38.166000	
1.594500	38.192000	
1.606490	38.218000	
1.607550	38.245000	
1.620500	38.271000	
1.621350	38.297000	
1.622200	38.323000	
1.623050	38.349000	
1.623910	38.375000	
1.624760	38.401000	
1.625610	38.427000	
1.626470	38.453000	
1.627400	38.479000	
1.628460	38.505000	
1.629310	38.531000	
1.630160	38.557000	
1.631020	38.583000	
1.631870	38.609000	
1.632720	38.635000	
1.633660	38.661000	
1.634530	38.687000	
1.635410	38.713000	
1.647390	38.738000	
1.648450	38.764000	
1.661400	38.790000	
1.662250	38.816000	
1.663100	38.842000	
1.663960	38.867000	
1.664810	38.893000	
1.665660	38.919000	
1.666520	38.944000	
1.667370	38.970000	
1.668300	38.996000	
1.669360	39.021000	
1.670210	39.047000	
1.671070	39.073000	
1.671920	39.098000	
1.672770	39.124000	
1.673620	39.149000	
1.674560	39.175000	
1.675440	39.200000	
1.676310	39.226000	
1.688290	39.251000	
1.689350	39.277000	
1.702300	39.302000	
1.703150	39.328000	
1.704010	39.353000	
1.704860	39.379000	
1.705710	39.404000	
1.706560	39.429000	
1.707420	39.455000	
1.708270	39.480000	
1.709200	39.505000	
1.710260	39.531000	
1.711120	39.556000	
1.711970	39.581000	
1.712820	39.607000	
1.713670	39.632000	
1.714530	39.657000	
1.715460	39.682000	
1.716340	39.708000	
1.717210	39.733000	
1.729200	39.758000	
1.730250	39.783000	
1.743200	39.808000	
1.744060	39.833000	
1.744910	39.858000	
1.745760	39.883000	
1.746610	39.909000	
1.747470	39.934000	
1.748320	39.959000	
1.749170	39.984000	
1.750110	40.009000	
1.751160	40.034000	
1.752020	40.059000	
1.752870	40.084000	
1.753720	40.109000	
1.754580	40.133000	
1.755430	40.158000	
1.756370	40.183000	
1.757240	40.208000	
1.758110	40.233000	
1.770100	40.258000	
1.771160	40.283000	
1.784110	40.308000	
1.784960	40.332000	
1.785810	40.357000	
1.786660	40.382000	
1.787520	40.407000	
1.788370	40.431000	
1.789220	40.456000	
1.790080	40.481000	
1.791010	40.506000	
1.792070	40.530000	
1.792920	40.555000	
1.793770	40.580000	
1.794630	40.604000	
1.795480	40.629000	
1.796330	40.654000	
1.797270	40.678000	
1.798140	40.703000	
1.799020	40.727000	
1.811000	40.752000	
1.812060	40.776000	
1.825010	40.801000	
1.825860	40.825000	
1.826710	40.850000	
1.827570	40.874000	
1.828420	40.899000	
1.829270	40.923000	
1.830120	40.948000	
1.830980	40.972000	
1.831910	40.997000	
1.832970	41.021000	
1.833820	41.045000	
1.834680	41.070000	
1.835530	41.094000	
1.836380	41.118000	
1.837230	41.143000	
1.838170	41.167000	
1.839040	41.191000	
1.839920	41.216000	
1.851900	41.240000	
1.852960	41.264000	
1.865910	41.288000	
1.866760	41.313000	
1.867620	41.337000	
1.868470	41.361000	
1.869320	41.385000	
1.870170	41.409000	
1.871030	41.433000	
1.871880	41.458000	
1.872810	41.482000	
1.873870	41.506000	
1.874720	41.530000	
1.875580	41.554000	
1.876430	41.578000	
1.877280	41.602000	
1.878140	41.626000	
1.879070	41.650000	
1.879950	41.674000	
1.880820	41.698000	
1.892800	41.722000	
1.893860	41.746000	
1.906810	41.770000	
1.907670	41.794000	
1.908520	41.818000	
1.909370	41.842000	
1.910220	41.866000	
1.911080	41.890000	
1.911930	41.913000	
1.912780	41.937000	
1.913720	41.961000	
1.914770	41.985000	
1.915630	42.009000	
1.916480	42.033000	
1.917330	42.056000	
1.918190	42.080000	
1.919040	42.104000	
1.919980	42.128000	
1.920850	42.151000	
1.921720	42.175000	
1.933710	42.199000	
1.934760	42.223000	
1.947720	42.246000	
1.948570	42.270000	
1.949420	42.294000	
1.950270	42.317000	
1.951130	42.341000	
1.951980	42.365000	
1.952830	42.388000	
1.953680	42.412000	
1.954620	42.435000	
1.955680	42.459000	
1.956530	42.482000	
1.957380	42.506000	
1.958240	42.529000	
1.959090	42.553000	
1.959940	42.576000	
1.960880	42.600000	
1.961750	42.623000	
1.962630	42.647000	
1.974610	42.670000	
1.975670	42.694000	
1.988620	42.717000	
1.989470	42.741000	
1.990320	42.764000	
1.991180	42.787000	
1.992030	42.811000	
1.992880	42.834000	
1.993730	42.857000	
1.994590	42.881000	
1.995520	42.904000	
1.996580	42.927000	
1.997430	42.951000	
1.998280	42.974000	
1.999140	42.997000	
1.999990	43.021000	
2.000840	43.044000	
2.001780	43.067000	
2.002650	43.090000	
2.003530	43.113000	
2.015510	43.137000	
2.016570	43.160000	
2.029520	43.183000	
2.030370	43.206000	
2.031230	43.229000	
2.032080	43.252000	
2.032930	43.276000	
2.033780	43.299000	
2.034640	43.322000	
2.035490	43.345000	
2.036420	43.368000	
2.037480	43.391000	
2.038330	43.414000	
2.039190	43.437000	
2.040040	43.460000	
2.040890	43.483000	
2.240890	1.000000	
2.541100	2.000000	
2.582000	3.000000	
2.582860	4.000000	
2.622910	5.000000	
2.623760	6.000000	
2.624610	7.000000	
2.625470	8.000000	
2.663810	9.000000	
2.664660	10.000000	
2.665520	11.000000	
2.666370	12.000000	
2.667220	13.000000	
2.668070	14.000000	
2.668930	15.000000	
2.669780	16.000000	
2.704710	17.000000	
2.705560	18.000000	
2.706420	19.000000	
2.707270	20.000000	
2.708120	20.050000	
2.708980	20.100000	
2.709830	20.150000	
2.710680	20.199000	
2.711530	20.249000	
2.712390	20.298000	
2.713240	20.347000	
2.714090	20.397000	
2.714950	20.446000	
2.715800	20.494000	
2.716650	20.543000	
2.717660	20.592000	
2.746240	20.641000	
2.747100	20.689000	
2.747950	20.737000	
2.748800	20.786000	
2.749660	20.834000	
2.750510	20.882000	
2.751360	20.930000	
2.752210	20.977000	
2.753070	21.025000	
2.753920	21.073000	
2.754770	21.120000	
2.755630	21.167000	
2.756480	21.215000	
2.757330	21.262000	
2.758180	21.309000	
2.759060	21.356000	
2.760100	21.403000	
2.761020	21.449000	
2.761900	21.496000	
2.762820	21.542000	
2.792260	21.589000	
2.793110	21.635000	
2.793970	21.681000	
2.794820	21.727000	
2.795670	21.773000	
2.796520	21.819000	
2.797380	21.865000	
2.798230	21.911000	
2.799080	21.957000	
2.799940	22.002000	
2.800790	22.048000	
2.801640	22.093000	
2.802490	22.138000	
2.803350	22.183000	
2.804200	22.228000	
2.805140	22.273000	
2.806060	22.318000	
2.806940	22.363000	
2.807810	22.408000	
2.808730	22.453000	
2.839110	22.497000	
2.839960	22.542000	
2.840810	22.586000	
2.841660	22.630000	
2.842520	22.674000	
2.843370	22.718000	
2.844220	22.762000	
2.845080	22.806000	
2.845930	22.850000	
2.846780	22.894000	
2.847630	22.938000	
2.848490	22.981000	
2.849340	23.025000	
2.850190	23.068000	
2.851040	23.112000	
2.851920	23.155000	
2.852790	23.198000	
2.853670	23.241000	
2.854540	23.284000	
2.855410	23.327000	
2.884850	23.370000	
2.885710	23.413000	
2.886560	23.455000	
2.887410	23.498000	
2.888260	23.541000	
2.889120	23.583000	
2.889970	23.626000	
2.890820	23.668000	
2.891680	23.710000	
2.892530	23.752000	
2.893380	23.794000	
2.894230	23.836000	
2.895090	23.878000	
2.895940	23.920000	
2.896790	23.962000	
2.897850	24.004000	
2.898780	24.045000	
2.899720	24.087000	
2.900590	24.129000	
2.901530	24.170000	
2.928410	24.211000	
2.929260	24.253000	
2.930120	24.294000	
2.930970	24.335000	
2.931820	24.376000	
2.932680	24.417000	
2.933530	24.458000	
2.934380	24.499000	
2.935230	24.540000	
2.936090	24.581000	
2.936940	24.621000	
2.937790	24.662000	
2.938640	24.702000	
2.939520	24.743000	
2.940560	24.783000	
2.941480	24.824000	
2.942360	24.864000	
2.943280	24.904000	
2.944130	24.944000	
2.944990	24.984000	
2.974430	25.024000	
2.975280	25.064000	
2.976130	25.104000	
2.976990	25.144000	
2.977840	25.184000	
2.978690	25.224000	
2.979540	25.263000	
2.980400	25.303000	
2.981250	25.342000	
2.982100	25.382000	
2.982960	25.421000	
2.983810	25.461000	
2.984660	25.500000	
2.985510	25.539000	
2.986370	25.578000	
2.987460	25.617000	
2.989380	25.656000	
2.991180	25.695000	
2.991240	25.734000	
2.992140	25.773000	
3.017320	25.812000	
3.018170	25.851000	
3.019030	25.889000	
3.019880	25.928000	
3.020730	25.967000	
3.021580	26.005000	
3.022440	26.044000	
3.023290	26.082000	
3.024140	26.120000	
3.025000	26.159000	
3.025850	26.197000	
3.026700	26.235000	
3.027550	26.273000	
3.028490	26.311000	
3.029340	26.349000	
3.030230	26.387000	
3.031100	26.425000	
3.032100	26.463000	
3.033110	26.501000	
3.034050	26.538000	
3.058220	26.576000	
3.059080	26.614000	
3.059930	26.651000	
3.060780	26.689000	
3.061630	26.726000	
3.062490	26.764000	
3.063340	26.801000	
3.064190	26.838000	
3.065040	26.876000	
3.065900	26.913000	
3.066750	26.950000	
3.067600	26.987000	
3.068460	27.024000	
3.069390	27.061000	
3.070240	27.098000	
3.071130	27.135000	
3.072000	27.172000	
3.073000	27.209000	
3.074010	27.245000	
3.074950	27.282000	
3.099120	27.319000	
3.099980	27.355000	
3.100830	27.392000	
3.101680	27.428000	
3.102540	27.465000	
3.103390	27.501000	
3.104240	27.538000	
3.105090	27.574000	
3.105950	27.610000	
3.106800	27.646000	
3.107650	27.683000	
3.108510	27.719000	
3.109360	27.755000	
3.110290	27.791000	
3.111150	27.827000	
3.112030	27.863000	
3.112910	27.899000	
3.113900	27.934000	
3.114920	27.970000	
3.115850	28.006000	
3.140030	28.042000	
3.140880	28.077000	
3.141730	28.113000	
3.142590	28.149000	
3.143440	28.184000	
3.144290	28.220000	
3.145140	28.255000	
3.146000	28.290000	
3.146850	28.326000	
3.147700	28.361000	
3.148560	28.396000	
3.149410	28.432000	
3.150260	28.467000	
3.151200	28.502000	
3.152050	28.537000	
3.152930	28.572000	
3.153810	28.607000	
3.154800	28.642000	
3.155820	28.677000	
3.156750	28.712000	
3.180930	28.747000	
3.181780	28.781000	
3.182640	28.816000	
3.183490	28.851000	
3.184340	28.885000	
3.185190	28.920000	
3.186050	28.955000	
3.186900	28.989000	
3.187750	29.024000	
3.188600	29.058000	
3.189460	29.093000	
3.190310	29.127000	
3.191160	29.161000	
3.192100	29.196000	
3.192950	29.230000	
3.193840	29.264000	
3.194710	29.298000	
3.195710	29.332000	
3.196720	29.366000	
3.197660	29.400000	
3.221830	29.434000	
3.222680	29.468000	
3.223540	29.502000	
3.224390	29.536000	
3.225240	29.570000	
3.226100	29.604000	
3.226950	29.638000	
3.227800	29.671000	
3.228650	29.705000	
3.229510	29.739000	
3.230360	29.772000	
3.231210	29.806000	
3.232070	29.840000	
3.233000	29.873000	
3.233850	29.907000	
3.234740	29.940000	
3.235610	29.973000	
3.236610	30.007000	
3.237620	30.040000	
3.238560	30.073000	
3.262730	30.107000	
3.263590	30.140000	
3.264440	30.173000	
3.265290	30.206000	
3.266150	30.239000	
3.267000	30.272000	
3.267850	30.305000	
3.268700	30.338000	
3.269560	30.371000	
3.270410	30.404000	
3.271260	30.437000	
3.272120	30.470000	
3.272970	30.503000	
3.273900	30.536000	
3.274760	30.568000	
3.275640	30.601000	
3.276520	30.634000	
3.277510	30.666000	
3.278530	30.699000	
3.279460	30.732000	
3.303640	30.764000	
3.304490	30.797000	
3.305340	30.829000	
3.306200	30.862000	
3.307050	30.894000	
3.307900	30.926000	
3.308750	30.959000	
3.309610	30.991000	
3.310460	31.023000	
3.311310	31.055000	
3.312160	31.088000	
3.313020	31.120000	
3.313870	31.152000	
3.314800	31.184000	
3.315660	31.216000	
3.316540	31.248000	
3.317420	31.280000	
3.318410	31.312000	
3.319430	31.344000	
3.320360	31.376000	
3.344540	31.408000	
3.345390	31.440000	
3.346240	31.471000	
3.347100	31.503000	
3.347950	31.535000	
3.348800	31.567000	
3.349660	31.598000	
3.350510	31.630000	
3.351360	31.662000	
3.352210	31.693000	
3.353070	31.725000	
3.353920	31.756000	
3.354770	31.788000	
3.355710	31.819000	
3.356560	31.851000	
3.357450	31.882000	
3.358320	31.913000	
3.359320	31.945000	
3.360330	31.976000	
3.361270	32.007000	
3.385440	32.039000	
3.386290	32.070000	
3.387150	32.101000	
3.388000	32.132000	
3.388850	32.163000	
3.389710	32.194000	
3.390560	32.225000	
3.391410	32.256000	
3.392260	32.287000	
3.393120	32.318000	
3.393970	32.349000	
3.394820	32.380000	
3.395680	32.411000	
3.396610	32.442000	
3.397460	32.473000	
3.398350	32.504000	
3.399220	32.534000	
3.400220	32.565000	
3.401230	32.596000	
3.402170	32.627000	
3.426340	32.657000	
3.427200	32.688000	
3.428050	32.718000	
3.428900	32.749000	
3.429760	32.779000	
3.430610	32.810000	
3.431460	32.840000	
3.432310	32.871000	
3.433170	32.901000	
3.434020	32.932000	
3.434870	32.962000	
3.435720	32.992000	
3.436580	33.023000	
3.437510	33.053000	
3.438360	33.083000	
3.439250	33.114000	
3.440120	33.144000	
3.441120	33.174000	
3.442140	33.204000	
3.443070	33.234000	
3.467250	33.264000	
3.468100	33.294000	
3.468950	33.324000	
3.469800	33.354000	
3.470660	33.384000	
3.471510	33.414000	
3.472360	33.444000	
3.473220	33.474000	
3.474070	33.504000	
3.474920	33.534000	
3.475770	33.564000	
3.476630	33.593000	
3.477480	33.623000	
3.478410	33.653000	
3.479270	33.683000	
3.480150	33.712000	
3.481030	33.742000	
3.482020	33.772000	
3.483040	33.801000	
3.483970	33.831000	
3.508150	33.860000	
3.509000	33.890000	
3.509850	33.919000	
3.510710	33.949000	
3.511560	33.978000	
3.512410	34.008000	
3.513270	34.037000	
3.514120	34.067000	
3.514970	34.096000	
3.515820	34.125000	
3.516680	34.155000	
3.517530	34.184000	
3.518380	34.213000	
3.519320	34.242000	
3.520170	34.272000	
3.521060	34.301000	
3.521930	34.330000	
3.522920	34.359000	
3.523940	34.388000	
3.524880	34.417000	
3.549050	34.446000	
3.549900	34.475000	
3.550760	34.504000	
3.551610	34.533000	
3.552460	34.562000	
3.553320	34.591000	
3.554170	34.620000	
3.555020	34.649000	
3.555870	34.678000	
3.556730	34.707000	
3.557580	34.735000	
3.558430	34.764000	
3.559280	34.793000	
3.560220	34.822000	
3.561070	34.850000	
3.561960	34.879000	
3.562830	34.908000	
3.563830	34.936000	
3.564840	34.965000	
3.565780	34.994000	
3.589950	35.022000	
3.590810	35.051000	
3.591660	35.079000	
3.592510	35.108000	
3.593360	35.136000	
3.594220	35.165000	
3.595070	35.193000	
3.595920	35.222000	
3.596780	35.250000	
3.597630	35.278000	
3.598480	35.307000	
3.599330	35.335000	
3.600190	35.363000	
3.601120	35.392000	
3.601970	35.420000	
3.602860	35.448000	
3.603730	35.476000	
3.604730	35.505000	
3.605750	35.533000	
3.606680	35.561000	
3.630860	35.589000	
3.631710	35.617000	
3.632560	35.645000	
3.633410	35.673000	
3.634270	35.701000	
3.635120	35.729000	
3.635970	35.757000	
3.636830	35.785000	
3.637680	35.813000	
3.638530	35.841000	
3.639380	35.869000	
3.640240	35.897000	
3.641090	35.925000	
3.642020	35.953000	
3.642880	35.980000	
3.643760	36.008000	
3.644640	36.036000	
3.645630	36.064000	
3.646650	36.091000	
3.647580	36.119000	
3.671760	36.147000	
3.672610	36.174000	
3.673460	36.202000	
3.674320	36.230000	
3.675170	36.257000	
3.676020	36.285000	
3.676880	36.312000	
3.677730	36.340000	
3.678580	36.368000	
3.679430	36.395000	
3.680290	36.423000	
3.681140	36.450000	
3.681990	36.477000	
3.682930	36.505000	
3.683780	36.532000	
3.684670	36.560000	
3.685540	36.587000	
3.686530	36.614000	
3.687550	36.642000	
3.688480	36.669000	
3.712660	36.696000	
3.713510	36.723000	
3.714370	36.751000	
3.715220	36.778000	
3.716070	36.805000	
3.716920	36.832000	
3.717780	36.859000	
3.718630	36.886000	
3.719480	36.914000	
3.720340	36.941000	
3.721190	36.968000	
3.722040	36.995000	
3.722890	37.022000	
3.723830	37.049000	
3.724680	37.076000	
3.725570	37.103000	
3.726440	37.130000	
3.727440	37.157000	
3.728450	37.184000	
3.729390	37.210000	
3.753560	37.237000	
3.754420	37.264000	
3.755270	37.291000	
3.756120	37.318000	
3.756970	37.345000	
3.757830	37.371000	
3.758680	37.398000	
3.759530	37.425000	
3.760390	37.452000	
3.761240	37.478000	
3.762090	37.505000	
3.762940	37.532000	
3.763800	37.558000	
3.764730	37.585000	
3.765580	37.612000	
3.766470	37.638000	
3.767340	37.665000	
3.768340	37.691000	
3.769360	37.718000	
3.770290	37.744000	
3.794470	37.771000	
3.795320	37.797000	
3.796170	37.824000	
3.797020	37.850000	
3.797880	37.877000	
3.798730	37.903000	
3.799580	37.929000	
3.800440	37.956000	
3.801290	37.982000	
3.802140	38.008000	
3.802990	38.035000	
3.803850	38.061000	
3.804700	38.087000	
3.805630	38.114000	
3.806490	38.140000	
3.807370	38.166000	
3.808250	38.192000	
3.809240	38.218000	
3.810260	38.245000	
3.811190	38.271000	
3.835370	38.297000	
3.836220	38.323000	
3.837070	38.349000	
3.837930	38.375000	
3.838780	38.401000	
3.839630	38.427000	
3.840480	38.453000	
3.841340	38.479000	
3.842190	38.505000	
3.843040	38.531000	
3.843900	38.557000	
3.844750	38.583000	
3.845600	38.609000	
3.846540	38.635000	
3.847390	38.661000	
3.848280	38.687000	
3.849150	38.713000	
3.850140	38.738000	
3.851160	38.764000	
3.852090	38.790000	
3.876270	38.816000	
3.877120	38.842000	
3.877980	38.867000	
3.878830	38.893000	
3.879680	38.919000	
3.880530	38.944000	
3.881390	38.970000	
3.882240	38.996000	
3.883090	39.021000	
3.883950	39.047000	
3.884800	39.073000	
3.885650	39.098000	
3.886500	39.124000	
3.887440	39.149000	
3.888290	39.175000	
3.889180	39.200000	
3.890050	39.226000	
3.891050	39.251000	
3.892060	39.277000	
3.893000	39.302000	
3.917170	39.328000	
3.918030	39.353000	
3.918880	39.379000	
3.919730	39.404000	
3.920580	39.429000	
3.921440	39.455000	
3.922290	39.480000	
3.923140	39.505000	
3.924000	39.531000	
3.924850	39.556000	
3.925700	39.581000	
3.926550	39.607000	
3.927410	39.632000	
3.928340	39.657000	
3.929190	39.682000	
3.930080	39.708000	
3.930950	39.733000	
3.931950	39.758000	
3.932960	39.783000	
3.933900	39.808000	
3.958080	39.833000	
3.958930	39.858000	
3.959780	39.883000	
3.960630	39.909000	
3.961490	39.934000	
3.962340	39.959000	
3.963190	39.984000	
3.964040	40.009000	
3.964900	40.034000	
3.965750	40.059000	
3.966600	40.084000	
3.967460	40.109000	
3.968310	40.133000	
3.969240	40.158000	
3.970100	40.183000	
3.970980	40.208000	
3.971860	40.233000	
3.972850	40.258000	
3.973870	40.283000	
3.974800	40.308000	
3.998980	40.332000	
3.999830	40.357000	
4.000680	40.382000	
4.001540	40.407000	
4.002390	40.431000	
4.003240	40.456000	
4.004090	40.481000	
4.004950	40.506000	
4.005800	40.530000	
4.006650	40.555000	
4.007510	40.580000	
4.008360	40.604000	
4.009210	40.629000	
4.010150	40.654000	
4.011000	40.678000	
4.011880	40.703000	
4.012760	40.727000	
4.013750	40.752000	
4.014770	40.776000	
4.015700	40.801000	
4.039880	40.825000	
4.040730	40.850000	
4.240730	1.000000	
